MatrixSize	V0	B2	B4	B8	B16	B32	B64	B128
128	0,0029	0,0028	0,0013	0,0011	0,001	0,0009	0,0015	0,0028
256	0,0189	0,0138	0,0063	0,0046	0,0044	0,0054	0,0184	0,0183
384	0,0274	0,0294	0,0129	0,0109	0,0095	0,0098	0,0151	0,0271
512	0,0932	0,123	0,0475	0,0217	0,0269	0,0822	0,0744	0,0754
640	0,0964	0,1289	0,0476	0,0301	0,0265	0,0258	0,0398	0,073
768	0,2017	0,1929	0,0749	0,066	0,0463	0,051	0,1654	0,1721
896	0,4405	0,3125	0,1338	0,1097	0,0772	0,0742	0,1189	0,1706
1024	0,7041	0,5058	0,2144	0,2438	0,3364	0,3399	0,3551	0,4158
1152	0,8618	0,5554	0,2499	0,1894	0,1404	0,1368	0,2212	0,2903
1280	0,10511	0,6845	0,4057	0,3433	0,2372	0,22	0,53	0,5367
1408	0,13674	0,8465	0,4242	0,3544	0,2761	0,2547	0,376	0,4746
1536	0,15498	0,10488	0,4857	0,3979	0,3409	0,7781	0,876	0,8438
1664	0,20417	0,14398	0,716	0,6104	0,5379	0,5848	0,8204	0,845
1792	0,23737	0,17724	0,8343	0,8302	0,745	0,7257	0,11834	0,12855
1920	0,28203	0,16937	0,7869	0,6524	0,5514	0,531	0,845	0,9459
2048	0,42425	0,27269	0,1683	0,10251	0,138	0,14523	0,17776	0,18541
2176	0,34633	0,21504	0,10108	0,8097	0,6429	0,6519	0,9512	0,11065
2304	0,38162	0,23207	0,11874	0,9126	0,7583	0,846	0,1705	0,17555
2432	0,42485	0,26738	0,12653	0,1034	0,8186	0,8603	0,11982	0,13787
2560	0,55984	0,32725	0,17919	0,12094	0,9888	0,22032	0,21874	0,21308
2688	0,53263	0,32673	0,15655	0,12602	0,1018	0,10301	0,15504	0,16807
2816	0,57361	0,3498	0,17192	0,13731	0,11066	0,12669	0,25739	0,25112
2944	0,65077	0,39392	0,2002	0,15951	0,1239	0,12341	0,18649	0,20151
3072	0,88158	0,52927	0,30072	0,21908	0,29839	0,30576	0,31508	0,38358
3200	0,78093	0,47435	0,23858	0,1999	0,15145	0,14962	0,21955	0,23632
3328	0,82599	0,51225	0,24486	0,20632	0,17161	0,19566	0,35411	0,3569
3456	0,89883	0,53075	0,27435	0,20903	0,16784	0,17876	0,23783	0,28457
3584	0,120517	0,71413	0,3946	0,26629	0,19716	0,42381	0,43162	0,41773
3712	0,105164	0,62157	0,32683	0,25736	0,19549	0,1983	0,27352	0,32833
3840	0,118268	0,69874	0,35057	0,28671	0,20959	0,22741	0,47997	0,48159
3968	0,120406	0,71314	0,35245	0,29382	0,22271	0,23838	0,32908	0,36793
4096	0,197738	0,105219	0,54974	0,36518	0,54896	0,67678	0,68216	0,65945
4224	0,137844	0,80195	0,42335	0,32355	0,25189	0,25248	0,38034	0,41724
4352	0,158824	0,92953	0,47525	0,3826	0,28692	0,30921	0,62564	0,60477
4480	0,160349	0,92748	0,46579	0,38697	0,28605	0,29791	0,40377	0,46559
4608	0,203585	0,11928	0,6546	0,43356	0,33664	0,84134	0,84328	0,70916
4736	0,191162	0,115733	0,54328	0,50181	0,40501	0,4081	0,56241	0,53467
4864	0,244996	0,116353	0,76069	0,4638	0,33549	0,38707	0,75954	0,77367
4992	0,220527	0,116283	0,65518	0,5725	0,44658	0,45693	0,51179	0,5912
5120	0,305638	0,191148	0,85318	0,68801	0,94219	0,89864	0,88876	0,125957
5248	0,234989	0,144627	0,68096	0,63336	0,49871	0,50199	0,57469	0,79415
5376	0,306722	0,192181	0,81921	0,72399	0,5325	0,56035	0,93218	0,104262
5504	0,274863	0,152924	0,77621	0,58226	0,45312	0,44179	0,61466	0,71727
5632	0,325896	0,186862	0,99445	0,66925	0,49717	0,106993	0,10576	0,104884
5760	0,29445	0,193743	0,8855	0,63313	0,49794	0,48778	0,68881	0,80199
5888	0,476272	0,208273	0,101197	0,69398	0,49433	0,53443	0,11022	0,11131
6016	0,330226	0,194346	0,91297	0,68378	0,51367	0,52069	0,71986	0,84965
6144	0,475748	0,262155	0,124425	0,81033	0,119521	0,124734	0,156487	0,153703
6272	0,376154	0,20185	0,101526	0,82998	0,56378	0,59748	0,86285	0,107019
6400	0,452118	0,363889	0,142631	0,103607	0,75852	0,71724	0,150376	0,167418
6528	0,456321	0,232687	0,138783	0,87803	0,646	0,6689	0,86721	0,108025
6656	0,54136	0,260443	0,178555	0,116834	0,72265	0,176266	0,154993	0,174993
6784	0,507668	0,237301	0,127421	0,91323	0,65982	0,68366	0,108158	0,118766
6912	0,518632	0,277116	0,157988	0,10481	0,75512	0,76254	0,168572	0,15873
7040	0,493573	0,259604	0,134001	0,10029	0,74948	0,72324	0,102619	0,11829
7168	0,612415	0,310109	0,166533	0,114514	0,163321	0,172364	0,173469	0,211079
7296	0,548794	0,288522	0,14951	0,126722	0,84506	0,84761	0,121101	0,12801
7424	0,597761	0,320856	0,178126	0,121639	0,81409	0,113962	0,205662	0,216232
7552	0,623079	0,34677	0,155755	0,120391	0,91258	0,87276	0,117777	0,139357
7680	0,718598	0,362346	0,278914	0,128156	0,94839	0,209823	0,232044	0,235049
7808	0,679003	0,347844	0,188214	0,159046	0,102021	0,123878	0,12878	0,160866
7936	0,747446	0,386533	0,204191	0,136041	0,104666	0,115881	0,204554	0,204887
8064	0,681468	0,389718	0,188742	0,151074	0,106229	0,95112	0,134668	0,155444
8192	0,817003	0,419834	0,231966	0,193715	0,308569	0,305443	0,297992	0,504997
8320	0,746346	0,392934	0,199887	0,145146	0,10275	0,110305	0,147336	0,167242
8448	0,842552	0,44098	0,239547	0,154925	0,109633	0,115418	0,234365	0,237333
8576	0,818593	0,423323	0,223299	0,155323	0,109927	0,10909	0,15895	0,184125
8704	0,887127	0,470457	0,251146	0,166932	0,12543	0,268325	0,255433	0,252591
8832	0,851414	0,438571	0,231266	0,16151	0,115393	0,116286	0,165125	0,193666
8960	1,62656	0,503726	0,261193	0,170339	0,121306	0,130035	0,261186	0,260965
9088	0,895472	0,460731	0,2453	0,176225	0,120279	0,118001	0,170551	0,196152
9216	1,90386	0,539385	0,282123	0,187145	0,27307	0,284227	0,28151	0,349751
9344	1,13255	0,517106	0,272379	0,18665	0,130193	0,130582	0,186213	0,233064
9472	1,0681	0,519951	0,289361	0,291991	0,175579	0,152536	0,299231	0,350519
9600	1,122458	0,553428	0,34086	0,201137	0,149886	0,199591	0,199928	0,219569
9728	1,150384	0,676485	0,314774	0,252284	0,191569	0,33104	0,325775	0,360489
9856	1,124514	0,590868	0,309468	0,21077	0,191355	0,142611	0,206236	0,253086
9984	1,171702	0,622387	0,399883	0,218278	0,15332	0,17606	0,343963	0,337757
10112	1,352743	0,717668	0,326506	0,234783	0,149679	0,151586	0,232536	0,284317
10240	1,371615	0,701197	0,38209	0,244546	0,370298	0,356736	0,447665	0,437114
10368	1,343115	0,696656	0,368635	0,245908	0,164733	0,239683	0,240359	0,267884
10496	1,3816	0,691742	0,36862	0,313409	0,165123	0,184686	0,375664	0,371967
10624	1,420137	0,729414	0,389012	0,251801	0,167664	0,169946	0,249552	0,273901
10752	1,384988	0,725348	0,402092	0,267584	0,192178	0,399441	0,39229	0,388535
10880	1,413398	0,794425	0,415839	0,270358	0,180588	0,180562	0,257966	0,288304
11008	1,455874	0,71895	0,394841	0,284153	0,191893	0,196712	0,415696	0,439208
11136	1,583506	0,947578	0,537779	0,284491	0,185183	0,190981	0,273799	0,302456
11264	1,586737	0,932447	0,448819	0,359766	0,481095	0,469247	0,428792	0,557699
11392	1,798141	0,969519	0,493024	0,320077	0,222705	0,22621	0,327024	0,455181
11520	1,707566	0,97225	0,620257	0,378865	0,265199	0,28109	0,507527	0,497619
11648	1,777381	1,138352	0,532807	0,334119	0,207523	0,282798	0,343163	0,371511
11776	1,793764	0,867858	0,474902	0,378833	0,235155	0,482982	0,48315	0,538815
11904	1,824183	1,108083	0,5363	0,339131	0,216778	0,223841	0,339706	0,707278
12032	1,688315	0,951522	0,720622	0,347833	0,220155	0,297394	0,496588	0,484927
12160	1,690048	0,900977	0,537687	0,350221	0,222337	0,2248	0,328054	0,365275
12288	1,913275	0,962085	0,524052	0,350698	0,516606	0,670377	0,649339	0,626418
12416	1,771594	1,226754	0,54691	0,368745	0,235819	0,23568	0,348544	0,382301
12544	1,878322	1,8739	0,533933	0,350311	0,239585	0,277998	0,545645	0,540081
12672	1,858131	1,4577	0,612346	0,384781	0,243676	0,249846	0,38926	0,397316
12800	2,60832	1,64295	0,627723	0,439512	0,278844	0,566182	0,56162	0,58003
12928	2,69179	1,10939	0,672831	0,384644	0,254816	0,258731	0,374458	0,412157
13056	2,201453	1,326708	0,836332	0,459468	0,336029	0,354725	0,634628	0,608963
13184	2,385496	1,56852	0,637915	0,490133	0,26407	0,26469	0,393478	0,440563
13312	2,312005	1,170651	0,665799	0,415548	0,687595	0,635179	0,705127	0,780619
13440	2,156625	1,381022	0,653974	0,481967	0,269144	0,272109	0,422029	0,457876
13568	2,420812	1,135672	0,638351	0,401244	0,277384	0,385439	0,669232	0,613643
13696	2,25073	1,265911	0,668311	0,424738	0,289421	0,297055	0,43458	0,475354
13824	2,570046	1,369041	0,646231	0,419051	0,432545	0,701025	0,681455	0,670294
13952	2,326954	1,23635	0,659446	0,538962	0,334088	0,400754	0,509602	0,4762
14080	2,417047	1,230494	0,663338	0,595715	0,342414	0,358599	0,68111	0,688476
14208	2,413311	1,243474	0,728504	0,470473	0,32857	0,32081	0,463433	0,500683
14336	2,771545	1,421604	0,764157	0,495859	0,792481	0,751295	0,874361	0,852066
14464	2,469733	1,299986	0,712166	0,469879	0,32826	0,329638	0,486211	0,519583
14592	2,882897	1,385572	0,741965	0,481338	0,338932	0,393388	0,73496	0,712787
14720	2,577832	1,359294	0,748183	0,551158	0,357256	0,359203	0,506819	0,54254
14848	2,933972	1,513521	0,775998	0,498196	0,38637	0,781244	0,775475	0,773302
14976	2,829274	1,431165	0,938436	0,544935	0,375228	0,363113	0,53083	0,580934
15104	2,971066	1,737417	0,793579	0,530407	0,378212	0,479829	0,807845	0,79929
15232	2,976694	1,646458	0,908973	0,534428	0,370072	0,442728	0,58305	0,635481
15360	3,351984	1,658533	0,905633	0,567628	0,858893	0,856934	0,916442	1,1165
15488	3,66295	1,729986	0,891968	0,60988	0,383208	0,415002	0,591664	0,617467
15616	3,511783	1,906331	1,16825	0,58887	0,402803	0,458309	0,852869	0,82531
15744	3,331737	1,809735	0,960519	0,640518	0,450044	0,463556	0,610452	0,623286
15872	3,610549	2,59793	1,111558	0,63377	0,457395	0,968791	0,969074	0,921403
16000	3,563905	1,773076	0,998148	0,614732	0,472683	0,463179	0,626137	0,686918
16128	3,62259	1,904459	1,52654	0,649079	0,515166	0,525858	0,937658	0,890689
16256	3,373993	1,829735	1,50777	0,942931	0,419761	0,400639	0,672131	0,674022
16384	3,683058	1,865448	1,19944	0,711233	1,161687	1,139986	1,880035	2,306789